         sites       LON            LAT        N(mm)       DN(mm)     E(mm)      DE(mm)     U (mm)    DU (mm)
1        BCHQ        100.43        25.91        0.3        1.0        1.5        1.0        5.2        2.7
2        DLWS        100.28        25.83        -1.2        0.9        3.8        0.9        -4.1        2.7
3        EYDC        100.10        26.00        -0.1        0.7        2.3        0.7        6.0        2.9
4        EYFY        99.92        25.99        -5.6        0.7        -6.2        0.7        -8.8        3.2
5        EYHH        99.73        26.00        -4.1        0.8        0.8        0.8        0.4        3.3
6        EYLG        99.89        25.89        -6.8        0.7        -0.1        0.7        9.8        3.0
7        EYNJ        99.98        26.06        -2.1        0.7        1.7        0.7        2.2        3.1
8        EYPP        99.70        25.88        0.5        0.7        0.8        0.7        -1.3        2.7
9        EYSY        100.01        26.23        -1.0        0.7        0.0        0.7        -1.2        2.6
10        EYTZ        99.84        26.17        -1.1        0.7        0.2        0.7        3.2        2.4
11        EYYL        99.98        26.14        -0.7        0.7        0.3        0.7        4.1        2.9
12        EYYX        99.70        26.12        1.3        0.7        -1.6        0.7        4.3        2.5
13        H204        99.92        25.72        -45.8        0.7        5.3        0.7        -2.1        2.8
14        H323        99.79        26.02        -1.7        0.7        1.0        0.7        0.7        2.8
15        HQBX        100.14        26.32        0.9        0.7        -5.2        0.7        -5.5        3.2
16        HQHP        100.26        26.10        1.2        1.1        1.8        1.1        6.4        2.9
17        JCHC        99.94        26.38        -0.3        0.7        -1.3        0.7        1.9        2.4
18        JCMD        99.56        26.39        -1.0        0.8        0.9        0.8        4.8        2.5
19        JCMS        99.64        26.27        -0.8        0.7        -1.4        0.7        -0.5        2.8
20        JCSH        99.86        26.25        1.5        0.7        7.4        0.7        -0.2        2.9
21        JCSL        99.81        26.38        0.5        0.7        -0.3        0.7        0.4        2.6
22        JCXT        99.52        26.22        -0.9        0.7        2.7        0.7        -1.8        2.7
23        JCYC        99.71        26.52        -1.5        0.7        0.4        0.7        4.0        2.7
24        XIAG        100.26        25.61        0.2        0.8        14.2        0.8        -0.3        1.3
25        YBAJ        99.80        25.84        -7.2        0.7        0.7        0.7        7.1        2.5
26        YBXL        99.91        25.64        33.0        0.7        -9.4        0.7        -44.2        2.6
27        YBZM        100.02        25.71        -14.2        0.7        26.9        0.7        -0.2        2.6
28        YBZZ        99.79        25.66        1.3        0.7        -40.0        0.7        7.6        2.5
29        YLCX        99.43        26.05        -0.3        0.7        0.7        0.7        3.7        2.8
30        YLGP        99.56        25.90        0.4        0.7        0.4        0.7        2.2        2.6
31        YLTJ        99.65        25.73        1.8        0.7        -8.9        0.7        3.2        2.6
32        YLZH        99.44        26.21        5.3        1.4        -1.3        1.4        4.6        3.0
33        YNLJ        100.03        26.70        0.1        0.8        -0.2        0.8        -0.1        1.3
34        YNYL        99.37        25.89        1.2        0.8        -0.3        0.8        0.1        1.6
35        YSXG        100.45        26.20        0.0        2.2        1.1        2.2        -1.9        2.7