lon                    lat            ve               vn          se               sn                     ren                                                      
101.9260            28.3260            9.600      -11.900          0.910            1.000                0.0050                                           CP06_GPS                                                                              
99.8900            26.4610            3.400      -14.600          0.837            0.779                -0.0220                                           DIAN_GPS                                                                              
101.5180            28.9640            11.600      -12.100          0.725            0.725                0.0180                                     H083_GPS                                                                              
101.2380            27.6560            10.700      -12.100          0.725            0.697                0.0020                                     H096_GPS                                                                              
100.6530            27.7480            10.200      -14.200          0.697            0.697                0.0070                                     H097_GPS                                                                              
101.7100            27.5390            11.000      -12.400          0.707            0.693                0.0090                                     H104_GPS                                                                              
100.9340            27.1380            9.200      -12.100          0.725            0.725                0.0060                                           H106_GPS                                                                              
100.0650            27.1090            5.100      -14.600          0.725            0.725                0.0190                                           H107_GPS                                                                              
101.9590            27.0490            9.600      -12.100          0.697            0.697                0.0100                                           H112_GPS                                                                              
101.8550            26.6890            8.500      -12.800          0.725            0.725                0.0130                                           H113_GPS                                                                              
101.2450            26.6770            8.200      -12.000          0.725            0.725                0.0110                                           H114_GPS                                                                              
100.1610            26.5140            5.200      -11.500          1.100            1.000                0.0040                                           H118_GPS                                                                              
100.5970            26.2120            4.800      -11.600          0.697            0.697                0.0090                                           H123_GPS                                                                              
100.0940            25.9790            2.200      -12.600          0.693            0.693                0.0140                                           H124_GPS                                                                              
101.9020            25.6420            7.300      -10.600          0.693            0.693                0.0210                                           H129_GPS                                                                              
100.5600            25.7970            4.700      -10.700          0.725            0.725                0.0120                                           H131_GPS                                                                              
101.5730            24.9850            2.500      -10.700          0.707            0.693                0.0110                                           H136_GPS                                                                              
101.2650            25.2130            3.500      -10.100          0.693            0.693                0.0170                                           H137_GPS                                                                              
100.5480            25.4820            2.800      -10.700          0.697            0.697                0.0180                                           H138_GPS                                                                              
100.4960            25.3410            1.900      -10.100          0.697            0.697                0.0110                                           H140_GPS                                                                              
100.5220            25.0370            1.300      -10.800          0.707            0.693                0.0140                                           H141_GPS                                                                              
101.6330            24.6880            3.600      -9.200          1.200            1.200                0.1760                                                 H146_GPS                                                                              
100.3140            24.8370            1.700      -10.000          0.697            0.697                0.0220                                           H147_GPS                                                                              
101.9750            24.0700            2.400      -9.100          0.693            0.697                0.0050                                                 H151_GPS                                                                              
101.0930            24.0230            2.200      -9.100          0.693            0.693                0.0050                                                 H152_GPS                                                                              
100.8760            24.4170            1.500      -8.800          0.693            0.693                0.0030                                                 H153_GPS                                                                              
99.2540            28.8440            12.300      -10.800          0.736            0.707                0.0140                                           H188_GPS                                                                              
99.7450            29.0000            13.800      -12.000          0.697            0.697                0.0230                                           H189_GPS                                                                              
99.7570            28.3200            10.900      -12.600          0.697            0.725                -0.0010                                     H190_GPS                                                                              
98.9140            28.4420            11.900      -10.000          0.697            0.725                0.0060                                           H191_GPS                                                                              
99.0270            27.6110            7.200      -10.400          0.697            0.697                0.0200                                                 H193_GPS                                                                              
98.6680            27.7590            8.600      -9.200          0.725            0.697                0.0160                                                       H194_GPS                                                                              
99.6450            27.3130            6.100      -12.800          0.725            0.725                0.0190                                                       H195_GPS                                                                        
99.2930            27.1800            5.600      -11.000          0.697            0.697                0.0220                                                       H196_GPS                                                                        
98.8780            26.9090            3.800      -9.200          0.697            0.697                0.0200                                                             H197_GPS                                                                        
99.9330            26.4500            3.300      -12.500          0.725            0.725                0.0140                                                 H198_GPS                                                                              
98.9230            26.5480            2.100      -9.700          0.725            0.725                0.0160                                                       H200_GPS                                                                              
99.9870            26.1440            2.800      -12.500          0.697            0.697                0.0100                                                 H201_GPS                                                                              
99.9240            25.7160            0.900      -11.000          0.725            0.725                0.0170                                                 H204_GPS                                                                              
99.1100            25.6520            -1.000      -10.300          0.725            0.725                0.0200                                           H206_GPS                                                                              
99.1480            25.0700            -0.700      -9.400          0.697            0.725                0.0170                                                 H207_GPS                                                                              
99.9060            24.6280            1.800      -8.500          0.693            0.697                0.0070                                                       H209_GPS                                                                              
99.6430            24.8380            1.300      -9.000          0.697            0.697                0.0140                                                       H210_GPS                                                                                    
98.3030            24.8080            -2.900      -4.300          0.707            0.707                -0.0070                                                 H212_GPS                                                                                    
99.6180            24.2410            0.200      -6.800          0.693            0.697                0.0110                                                       H214_GPS                                                                                          
99.2490            24.0020            -0.700      -5.700          0.693            0.693                0.0040                                                 H215_GPS                                                                                          
98.2870            24.2560            -3.200      -3.400          0.693            0.693                0.0170                                                 H217_GPS                                                                                          
98.1970            25.4540            -3.000      -4.800          1.000            0.910                -0.0010                                                 H309_GPS                                                                                    
98.8460            24.8840            -1.900      -6.600          0.779            0.736                0.0140                                                 H312_GPS                                                                                          
98.8510            25.1950            -3.100      -9.100          0.736            0.707                0.0210                                                 H313_GPS                                                                                          
98.8730            27.2970            5.800      -9.700          0.707            0.693                0.0080                                                             H314_GPS                                                                                    
99.0480            24.2670            -1.400      -5.500          0.707            0.693                -0.0070                                                 H317_GPS                                                                                    
99.3390            28.2180            11.100      -10.600          0.779            0.736                0.0050                                                 H318_GPS                                                                                    
99.4330            27.7640            9.300      -11.200          0.693            0.693                0.0240                                                 H319_GPS                                                                                          
99.7890            26.0170            1.600      -12.100          0.707            0.693                0.0030                                                 H323_GPS                                                                                          
99.8620            26.8070            3.400      -13.500          0.707            0.707                -0.0170                                                 H324_GPS                                                                                    
99.9980            26.7590            4.400      -13.700          0.707            0.707                0.0090                                                       H325_GPS                                                                                          
100.0460            27.5110            7.000      -13.600          0.707            0.693                -0.0020                                                 H327_GPS                                                                                    
100.1770            26.2680            5.500      -11.200          0.707            0.693                0.0010                                                       H328_GPS                                                                                          
100.3430            28.5590            12.000      -12.500          0.707            0.707                -0.0220                                           H330_GPS                                                                        
100.4550            26.9990            6.600      -12.200          0.707            0.693                -0.0290                                           H333_GPS                                                                              
100.6800            26.4480            5.800      -11.900          0.707            0.693                -0.0150                                           H334_GPS                                                                              
100.7290            24.6430            1.700      -9.200          0.837            0.779                0.0240                                                       H335_GPS                                                                              
100.8310            25.4000            2.500      -9.900          0.693            0.693                -0.0090                                                 H336_GPS                                                                              
100.9230            28.1260            10.800      -13.800          0.707            0.693                -0.0110                                           H337_GPS                                                                        
100.9360            26.1420            5.800      -10.500          0.693            0.693                0.0030                                                 H340_GPS                                                                              
101.0000            27.6230            9.200      -14.100          0.707            0.707                -0.0160                                           H342_GPS                                                                              
101.3880            27.0470            9.200      -11.800          0.707            0.707                -0.0170                                           H346_GPS                                                                              
101.4550            27.6680            11.300      -11.500          0.736            0.707                -0.0100                                           H349_GPS                                                                        
101.5680            25.3490            5.900      -10.100          0.693            0.697                -0.0020                                           H351_GPS                                                                              
101.6630            24.4280            1.900      -10.300          0.693            0.693                0.0070                                                 H352_GPS                                                                                    
101.8780            24.9780            3.200      -11.300          0.693            0.693                -0.0060                                           H356_GPS                                                                              
101.8650            28.2300            10.500      -12.000          0.736            0.736                -0.0200                                     H357_GPS                                                                        
101.9530            28.6320            11.600      -10.900          0.693            0.693                0.0040                                     H358_GPS                                                                              
101.6110            24.7080            2.400      -10.100          0.707            0.707                0.0140                                           HB05_GPS                                                                                    
99.4360            26.4680            1.800      -10.800          1.000            0.910                -0.0040                                           HN01_GPS                                                                                    
100.1690            26.8830            5.000      -14.700          0.697            0.697                0.0090                                           JB38_GPS                                                                                    
101.1970            28.0210            9.400      -12.500          1.000            1.100                0.0220                                           SP28_GPS                                                                                    
99.1400            27.3110            6.400      -10.600          0.707            0.707                -0.0090                                           Y293_GPS                                                                                    
99.9500            25.6900            1.400      -10.700          0.693            0.693                -0                                                                               Y299_GPS                                                                                    
100.3690            25.4370            1.900      -12.200          0.837            0.779                0.0190                                           Y302_GPS                                                                                    
100.5670            25.4400            3.300      -10.100          0.693            0.693                0.0050                                           Y307_GPS                                                                                    
100.5840            24.7880            2.000      -8.600          0.707            0.693                  0                                                                   Y313_GPS                                                                                          
100.9140            24.2840            2.200      -6.600          2.400            1.900                -0.1080                                           Y315_GPS                                                                                    
99.2690            26.4920            1.600      -11.300          0.707            0.707                0.0350                                           YD02_GPS                                                                                          
99.7640            26.5290            2.600      -11.800          0.736            0.736                0.0180                                           YD03_GPS                                                                                          
100.4350            26.8130            7.500      -12.200          0.736            0.736                0.0200                                           YD04_GPS                                                                                    
100.6160            26.8010            5.600      -12.600          0.707            0.707                0.0300                                           YD05_GPS                                                                                    
101.0150            26.5220            7.200      -10.300          0.779            0.736                0.0330                                           YD06_GPS                                                                                    
98.6250            26.0180            -1.100      -7.000          0.736            0.736                0.0300                                                 YD07_GPS                                                                                          
98.7800            25.9470            -1.500      -8.800          0.779            0.779                0.0250                                                 YD08_GPS                                                                                          
98.9400            25.8360            -1.100      -8.700          0.779            0.736                0.0350                                                 YD11_GPS                                                                                          
99.5750            25.7610            -0.100      -10.600          0.779            0.736                0.0410                                                 YD13_GPS                                                                                    
100.0450            25.5840            5.000      -11.100          1.000            0.910                -0.0360                                     YD15_GPS                                                                              
100.3170            25.7040            3.400      -10.300          0.736            0.707                0.0390                                     YD16_GPS                                                                                    
100.4640            25.7790            2.400      -10.700          0.779            0.736                0.0480                                     YD17_GPS                                                                                    
100.6410            25.6860            3.000      -10.900          0.736            0.707                0.0320                                     YD18_GPS                                                                                    
100.7850            25.7080            4.200      -11.000          0.736            0.707                0.0320                                     YD19_GPS                                                                                    
101.1350            25.8350            4.600      -10.900          0.779            0.736                0.0220                                     YD20_GPS                                                                                    
101.4080            25.7000            4.600      -11.100          0.779            0.779                -0.0130                                     YD21_GPS                                                                              
101.5480            25.6690            5.600      -13.100          0.736            0.736                0.0030                                     YD22_GPS                                                                                    
101.7600            25.7500            5.900      -11.900          0.736            0.707                0.0080                                                       YD23_GPS                                                                                    
98.2430            24.5780            -4.600      -4.300          1.111            0.910                0.0670                                                 YD33_GPS                                                                                          
98.4010            24.4950            -1.300      -5.900          1.100            1.000                0.0120                                                 YD34_GPS                                                                                          
98.7780            24.6370            -2.200      -7.400          0.736            0.707                0.0370                                                 YD35_GPS                                                                                          
98.7550            24.4350            -2.600      -5.700          0.736            0.707                0.0520                                                 YD36_GPS                                                                                          
98.8660            24.3630            -1.100      -6.400          0.837            0.779                0.0720                                                 YD37_GPS                                                                                          
99.2070            24.2600            -1.000      -6.500          1.200            1.000                0.0420                                                 YD38_GPS                                                                                          
99.3420            24.2090            -2.100      -6.300          1.000            0.910                0.0660                                                 YD39_GPS                                                                                          
99.4500            24.1940            -1.500      -7.300          0.736            0.707                0.0430                                                 YD40_GPS                                                                                          
99.7440            24.1090            -1.100      -7.500          0.736            0.736                0.0640                                                 YD41_GPS                                                                                          
99.8460            24.0320            -0.600      -10.200          0.736            0.736                0.0390                                     YD42_GPS                                                                                    
99.8030            28.9370            14.500      -12.000          0.697            0.697          0                                                                         SCXC_GPS                                                                                    
101.4930            25.0490            5.000      -11.000          0.697            0.697          0                                                                         YNCX_GPS                                                                                    
100.8810            24.4370            2.700      -9.900          0.736            0.693                0                                                                         YNJD_GPS                                                                                          
100.0290            26.6960            5.600      -13.400          0.697            0.697          0                                                                               YNLJ_GPS                                                                                    
99.1900            24.7130            0.100      -8.800          0.697            0.697                      0                                                                         NSD_GPS                                                                                                
98.4380            24.9550            -1.900      -5.800          0.693            0.693                0                                                                         YNTC_GPS                                                                                          
101.9060            24.1020            4.100      -10.200          0.693            0.697          0                                                                               YNXP_GPS                                                                                    
101.8610            25.6890            7.200      -11.500          0.697            0.697          0                                                                               YNYM_GPS                                                                                    
100.7540            26.6830            9.000      -11.900          0.697            0.697          0                                                                               YNYS_GPS                                                                                    
100.1760            25.7070            3.000      -12.200          0.837            0.779          0                                                                               BFDI_GPS                                                                                    
100.2190            26.8490            7.400      -12.900          0.707            0.693          0                                                                               BFLJ_GPS                                                                                    
98.9070            28.4880            12.700      -9.700          0.693            0.693                0                                                                         DEQN_GPS                                                                                          
100.1360            24.4450            1.600      -8.400          0.693            0.697                0.0110                                                 H148_GPS                                                                                          
99.5350            25.4630            -0.200      -10.300          0.779            0.779                0.0110                                                 H205_GPS                                                                                    
98.6750            24.5770            -2.300      -5.300          0.707            0.693                0.0300                                                 H211_GPS                                                                                          
98.4980            25.0180            -2.800      -6.400          0.697            0.697                0.0040                                                 JB41_GPS                                                                                          
101.7440            26.5030            8.700      -12.600          0.725            0.725                      0                                                                               SCPZ_GPS                                                                                          
101.5130            27.4320            10.600      -12.200          0.725            0.725                0                                                                               SCYY_GPS                                                                                    
100.2550            25.6080            3.300      -10.900          0.725            0.725                      0                                                                               XIAG_GPS                                                                                    
101.3270            25.7240            5.900      -10.900          0.697            0.697                      0                                                                               YNYA_GPS                                                                                    
99.3720            25.8850            0.700      -11.700          0.697            0.693                  0                                                                         YNYL_GPS                                                                                          
99.6980            27.8230            7.100      -15.100          0.697            0.697                  0                                                                               YNZD_GPS                                                                                                
101.6830            26.0500            10.280      -15.190          2.400            2.300                0.3260                                                 H122_GPS                                                                              
99.4100            26.4400            -0.990      -15.220          2.600            1.500                0.0030                                                 H199_GPS                                                                                                                                                                      
101.5120            28.9960            11.470      -13.530          2.300            1.800                0.0560                                                 Y277_GPS                                                                              
99.9380            26.6170            3.000      -14.790          2.000            2.000                0.2330                                                       Y295_GPS                                                                                          
99.6260            26.4210            1.590      -14.860          2.500            2.400                0.1450                                                       Y296_GPS                                                                                          
99.9910            26.1250            1.720      -14.980          2.500            2.500                0.1740                                                       Y297_GPS                                                                                          
101.2720            25.7390            7.870      -12.180          2.700            2.600                0.2570                                                       Y300_GPS                                                                                    
99.1600            25.1000            2.180      -10.280          2.500            2.700                0.1640                                                             Y308_GPS                                                                                          
101.0230            25.3130            1.260      -13.430          2.200            2.300                0.3770                                                       Y310_GPS                                                                                          
101.4830            25.0770            4.290      -9.330          2.300            2.400                0.4170                                                             Y311_GPS                                                                                          
101.3130            27.5920            11.160      -14.670          2.200            1.900                0.2150                                     Y319_GPS                                                                              
98.6713            28.8444            -9.440      -2.200          2.540            2.270                    0                      H310_GPS                                                                                    
100.1023            25.9927            4.23        -12.40          3.51                  2.20                0.0                                                 eydc_GPS                                                                                    
99.9172            25.9922            3.40        -12.61          5.44                  2.87                0.0                                                 eyfy_GPS                                                                                    
99.9751            26.0634            2.29        -12.39          4.19                  2.16                0.0                                                 eynj_GPS                                                                                    
100.0095          26.2302            2.42        -15.71          2.30                  1.74                0.0                                                 eysy_GPS                                                                                    
99.7297           26.0017            1.88        -12.82          5.52                  1.91                0.0                                                 eyhh_GPS                                                                                    
99.8909           25.8906            2.41        -13.14          2.71                  2.25                0.0                                                 eylg_GPS                                                                                    
99.8424           26.1715            2.93        -13.32          1.77                  1.96                0.0                                                 eytz_GPS                                                                                    
99.6117           26.0540            1.10        -14.21          2.10                  2.05                0.0                                                 eyxp_GPS                                                                                    
99.6972           26.1200            0.99        -15.11          1.79                  2.23                0.0                                                 eyyx_GPS                                                                                    
99.6390           26.2695            -0.34        -13.63          2.91                  2.16                0.0                                                 jcms_GPS                                                                                    
99.5174           26.2180            1.19        -13.97          2.15                  1.74                0.0                                                 jcxt_GPS                                                                                    
99.7112           26.5201            0.89        -13.31          2.33                  2.43                0.0                                                 jcyc_GPS                                                                                    
99.9369           26.3789            2.62        -13.33          1.84                  1.75                0.0                                                 jchc_GPS                                                                                    
99.5578           26.3886            0.64        -12.95          1.70                  2.41                0.0                                                jcmd_GPS                                                                                    
99.8552           26.2463            3.77        -12.62          3.51                  2.60                0.0                                                jcsh_GPS                                                                                    
99.8045           26.3809            2.88        -14.53          2.39                  2.00             0.0                                                jcsl_GPS                                                                                                                                                                                                                              
100.0221           25.7053            3.77        -12.24          2.01                  1.92             0.0                                    ybzm_GPS                                                                                    
99.7853           25.6563            2.12        -12.69          1.85                  1.95             0.0                                                ybzz_GPS                                                                                    
99.9134           25.6361            2.52        -11.94         2.15                  2.12               0.0                                                    ybxl_GPS                                                                                    
99.4325           26.0530            0.39        -12.54         2.36                  2.84               0.0                                                    ylcx_GPS                                                                                    
99.4418           26.2106            0.85        -11.03         2.43                  4.83               0.0                                                    ylzh_GPS                                                                                    
99.5562           25.9040            0.97        -11.18         2.01                  2.41               0.0                                                    ylgp_GPS                                                                                    
99.6524           25.7320            1.09        -13.84         2.06                  2.46               0.0                                                    yltj_GPS                                                                                    
100.4456         26.2030            5.44         -8.71         3.35                  1.77               0.0                                                    ysxg_GPS                                                                                    
100.4329         25.9058            5.72        -10.66         2.50                  1.90               0.0                                                    bchq_GPS                                                                                    
100.2771         25.8344            4.65         -7.58         2.54                  1.87               0.0                                                    dlws_GPS                                                                                    
100.2550         26.0978            2.42        -11.67         3.67                  1.80               0.0                                                    hqhp_GPS                                                                                    
99.7994         25.8438            0.70          -9.33         1.66                  1.87               0.0                                                    eyaj_GPS                                                                                    
100.1377         26.3184            5.42        -12.76         5.14                  2.63               0.0                                                    hqbx_GPS                                                                                    